0.10376
0.10357
0.10338
0.10319
0.10301
0.10282
0.10264
0.10245
0.10226
0.10207
0.10189
0.1017
0.10152
0.10134
0.10115
0.10097
0.10079
0.10061
0.10042
0.10024
0.10007
0.099887
0.099707
0.099531
0.099355
0.099174
0.098993
0.098815
0.098637
0.098463
0.098282
0.098104
0.097928
0.097747
0.097568
0.097386
0.097208
0.097035
0.09686
0.096683
0.096506
0.096332
0.096158
0.095979
0.095803
0.095634
0.095455
0.095279
0.095109
0.094938
0.094767
0.094596
0.094426
0.094253
0.094081
0.093914
0.09375
0.093581
0.093412
0.093243
0.093074
0.092909
0.092741
0.092571
0.092402
0.092235
0.092068
0.091901
0.091737
0.091568
0.091397
0.091231
0.091065
0.0909
0.090732
0.090567
0.0904
0.090236
0.090072
0.089907
0.089742
0.089574
0.089408
0.089245
0.089082
0.088917
0.088755
0.08859
0.088423
0.088256
0.088089
0.087926
0.087768
0.087608
0.087445
0.087286
0.08713
0.08697
0.086804
0.08664
0.086479
0.086321
0.086163
0.086003
0.085846
0.085687
0.085527
0.085371
0.085215
0.08506
0.084904
0.084748
0.084592
0.084434
0.084275
0.084118
0.083965
0.083811
0.083655
0.083497
0.083342
0.083185
0.08303
0.082878
0.082727
0.082578
0.082425
0.082268
0.082114
0.081964
0.081811
0.08166
0.081513
0.081364
0.081211
0.081058
0.080908
0.080762
0.080613
0.080461
0.080315
0.080166
0.080015
0.079868
0.079722
0.079572
0.079425
0.079279
0.079133
0.078985
0.078837
0.078694
0.078552
0.078413
0.078271
0.078128
0.077987
0.077842
0.077699
0.077562
0.07742
0.077277
0.077136
0.076998
0.07686
0.076722
0.076586
0.076449
0.076311
0.076172
0.076035
0.075897
0.075759
0.075621
0.075483
0.075351
0.075217
0.075081
0.074942
0.074809
0.074678
0.074542
0.074405
0.074272
0.07414
0.074006
0.07387
0.073734
0.073599
0.073464
0.073331
0.073201
0.073074
0.072946
0.072817
0.072686
0.072555
0.072424
0.072295
0.072167
0.072039
0.071913
0.071783
0.071651
0.071524
0.071395
0.071269
0.071143
0.071021
0.070897
0.070769
0.070645
0.070522
0.070397
0.07027
0.070145
0.07002
0.069893
0.069768
0.069642
0.069515
0.069391
0.069265
0.069142
0.069016
0.068888
0.068764
0.068641
0.068517
0.068392
0.068266
0.06814
0.068017
0.067889
0.067764
0.06764
0.067513
0.06739
0.067262
0.067139
0.067018
0.066891
0.066763
0.066638
0.066512
0.066388
0.066264
0.066139
0.066015
0.065885
0.065758
0.065636
0.06551
0.065386
0.06526
0.06513
0.065002
0.06488
0.064759
0.064632
0.064503
0.064373
0.064247
0.064121
0.063989
0.063858
0.063731
0.063602
0.063471
0.063339
0.063211
0.063083
0.062953
0.062822
0.062688
0.062556
0.062425
0.062294
0.06216
0.062024
0.06189
0.061757
0.061625
0.061492
0.061355
0.061212
0.061074
0.060939
0.060802
0.060663
0.060522
0.060381
0.06024
0.060095
0.059948
0.059804
0.05966
0.059514
0.059365
0.059212
0.059063
0.058912
0.058758
0.058604
0.058449
0.058291
0.058132
0.057975
0.057815
0.05765
0.057487
0.057322
0.057152
0.056982
0.056814
0.056647
0.056473
0.056296
0.056117
0.055937
0.055754
0.05557
0.055381
0.055189
0.054997
0.054801
0.054602
0.054403
0.054199
0.053997
0.053795
0.053585
0.053372
0.053157
0.05294
0.05272
0.052496
0.05227
0.052039
0.051804
0
0
0
0
0
0
0
0
0
0
0
0
0
0
0
0
0
0
0
0
0
0
0
0
0
0
0
0
0
0
0
0
0
0
0
0
0
0
0
0
0
0
0
0
0
0
0
0
0
0
0
0
0
0
0
0
0
0
0
0
0
0
0
0
0
0
0
0
0
0
0
0
0
0
0
0
0
0
0
0
0
0
0
0
0
0
0
0
0
0
0
0
0
0
0
0
0
0
0
0
0
0
0
0
0
0
0
0
0
0
0
0
0
0
0
0
0
0
0
0
0
0
0
0
0
0
0
0
0
0
0
0
0
0
0
0
0
0
0
0
0
0
0
0
0
0
0
0
0
0
0
0
0
0
0
0
0
0
0
0
0
0
0
0
0
0
0
0
0
0
0
0
0
0
0
0
0
0
0
0
0
0
0
0
0
0
0
0
0
0
0
0
0
0
0
0
0
0
0
0
0
0
0
0
0
0
0
0
0
0
0
0
0
0
0
0
0
0
0
0
0
0
0
0
0
0
0
0
0
0
0
0
0
0
0
0
0
0
0
0
0
0
0
0
0
0
0
0
0
0
0
0
0
0
0
0
0
0
0
0
0
0
0
0
0
0
0
0
0
0
0
0
0
0
0
0
0
0
0
0
0
0
0
0
0
0
0
0
0
0
0
0
0
0
0
0
0
0
0
0
0
0
0
0
0
0
0
0
0
0
0
0
0
0
0
0
0
0
0
0
0
0
0
0
0
0
0
0
0
0
0
0
0
0
0
0
0
0
0
0
0
0
0
0
0
0
0
0
0
0
0
0
0
0
0
0
0
0
0
0
0
0
0
0
0
0
0
0
0
0
0
0
0
0
0
0
0
0
0
0
0
0
0
0
0
0
0
0
0
0
0
0
0
0
0
0
0
0
0
0
0
0
0
0
0
0
0
0
0
0
0
0
0
0
0
0
0
0
0
0
0
0
0
0
0
0
0
0
0
0
0
0
0
0
0
0
0
0
0
0
0
0
0
0
0
0
0
0
0
0
0
0
0
0
0
0
0
0
0
0
0
0
0
0
0
0
0
0
0
0
0
0
0
0
0
0
0
0
0
0
0
0
0
0
0
0
0
0
0
0
0
0
0
0
0
0
0
0
0
0
0
0
0
0
0
0
0
0
0
0
0
0
0
0
0
0
0
0
0
0
0
0
0
0
0
0
0
0
0
0
0
0
0
0
0
0
0
0
0
0
0
0
0
0
0
0
0
0
0
0
0
0
0
0
0
0
0
0
0
0
0
0
0
0
0
0
0
0
0
0
0
0
0
0
0
0
0
0
0
0
0
0
0
0
0
0
0
0
0
0
0
0
0
0
0
0
0
0
0
0
0
0
0
0
0
0
0
0
0
0
0
0
0
0
0
0
0
0
0
0
0
0
0
0
0
0
0
0
0
0
0
0
0
0
0
0
0
0
0
0
0
0
0
0
0
0
0
0
0
0
0
0
0
0
0
0
0
0
0
0
0
0
0
0
0
0
0
0
0
0
0
0
0
0
0
0
0
0
0
0
0
0
0
0
0
0
0
0
0
0
0
0
0
0
0
0
0
0
0
0
0
0
0
0
0
0
0
0
0
0
0
0
0
0
0
0
0
0
0
0
0
0
0
0
0
0
0
0
0
0
0
0
0
0
0
0
0
0
0
0
0
0
0
0
0
0
0
0
0
0
0
0
0
0
0
0
0
0
0
0
0
0
0
0
0
0
0
0
0
0
0
0
0
0
0
0
0
0
0
0
0
0
0
0
0
0
0
0
0
0
0
0
0
0
0
0
0
0
0
0
0
0
0
0
0
0
0
0
0
0
0
0
0
0
0
0
0
0
0
0
0
0
0
0
0
0
0
0
0
0
0
0
0
0
0
0
0
0
0
0
0
0
0
0
0
0
0
0
0
0
0
0
0
0
0
0
0
0
0
0
0
0
0
0
0
0
0
0
0
0
0
0
0
0
0
0
0
0
0
0
0
0
0
0
0
0
0
0
0
0
0
0
0
0
0
0
0
0
0
0
0
0
0
0
0
0
0
0
0
0
0
0
0
0
0
0
0
0
0
0
0
0
0
0
0
0
0
0
0
0
0
0
0
0
0
0
0
0
0
0
0
0
0
0
0
0
0
0
0
0
0
0
0
0
0
0
0
0
0
0
0
0
0
0
0
0
0
0
0
0
0
0
0
0
0
0
0
0
0
0
0
0
0
0
0
0
0
0
0
0
0
0
0
0
0
0
0
0
0
0
0
0
0
0
0
0
0
0
0
0
0
0
0
0
0
0
0
0
0
0
0
0
0
0
0
0
0
0
0
0
0
0
0
0
0
0
0
0
0
0
0
0
0
0
0
0
0
0
0
0
0
0
0
0
0
0
0
0
0
0
0
0
0
0
0
0
0
0
0
0
0
0
0
0
0
0
0
0
0
0
0
0
0
0
0
0
0
0
0
0
0
0
0
0
0
0
0
0
0
0
0
0
0
0
0
0
0
0
0
0
0
0
0
0
0
0
0
0
0
0
0
0
0
0
0
0
0
0
0
0
0
0
0
0
0
0
0
0
0
0
0
0
0
0
0
0
0
0
0
0
0
0
0
0
0
0
0
0
0
0
0
0
0
0
0
0
0
0
0
0
0
0
0
0
0
0
0
0
0
0
0
0
0
0
0
0
0
0
0
0
0
0
0
0
0
0
0
0
0
0
0
0
0
0
0
0
0
0
0
0
0
0
0
0
0
0
0
0
0
0
0
0
0
0
0
0
0
0
0
0
0
0
0
0
0
0
0
0
0
0
0
0
0
0
0
0
0
0
0
0
0
0
0
0
0
0
0
0
0
0
0
0
0
0
0
0
0
0
0
0
0
0
0
0
0
0
0
0
0
0
0
0
0
0
0
0
0
0
0
0
0
0
0
0
0
0
0
0
0
0
0
0
0
0
0
0
0
0
0
0
0
0
0
0
0
0
0
0
0
0
0
0
0
0
0
0
0
0
0
0
0
0
0
0
0
0
0
0
0
0
0
0
0
0
0
0
0
0
0
0
0
0
0
0
0
0
0
0
0
0
0
0
0
0
0
0
0
0
0
0
0
0
0
0
0
0
0
0
0
0
0
0
0
0
0
0
0
0
0
0
0
0
0
0
0
0
0
0
0
0
0
0
0
0
0
0
0
0
0
0
0
0
0
0
0
0
0
0
0
0
0
0
0
0
0
0
0
0
0
0
0
0
0
0
0
0
0
0
0
0
0
0
0
0
0
0
0
0
0
0
0
0
0
0
0
0
0
0
0
