4.4702
4.4624
4.4563
4.4508
4.4453
4.4403
4.4352
4.4302
4.4256
4.4228
4.4231
4.4234
4.4227
4.424
4.4312
4.455
4.4936
4.5105
4.4905
4.4614
4.4425
4.4337
4.4293
4.4251
4.4225
4.423
4.4235
4.4259
4.4351
4.4411
4.441
4.4418
4.4443
4.4499
4.4607
4.4751
4.4903
4.5089
4.5306
4.5499
4.5642
4.5784
4.5941
4.6063
4.6139
4.618
4.6168
4.6138
4.6156
4.6239
4.6362
4.6383
4.6193
4.5932
4.5738
4.5585
4.5456
4.5327
4.5123
4.4904
4.4813
4.4694
4.4359
4.399
4.3735
4.3525
4.3335
4.3146
4.2946
4.2762
4.2603
4.2459
4.2327
4.2209
4.2098
4.1993
4.1895
4.1797
4.1695
4.1592
4.1485
4.1373
4.1262
4.1152
4.1046
4.0947
4.0842
4.0737
4.0644
4.0562
4.0502
4.05
4.0484
4.0401
4.0314
4.024
4.0182
4.013
4.0065
3.9999
3.9941
3.9887
3.9832
3.9782
3.9737
3.969
3.9642
3.9593
3.9537
3.9472
3.9404
3.9337
3.9267
3.9189
3.9107
3.9028
3.8955
3.8891
3.8824
3.8755
3.8687
3.8629
3.8589
3.8558
3.8541
3.8528
3.8518
3.8511
3.8511
3.8513
3.8516
3.8521
3.8526
3.8537
3.8549
3.8566
3.8591
3.8624
3.8653
3.868
3.8713
3.8752
3.8802
3.8855
3.891
3.8963
3.9013
3.9073
3.9136
3.9204
3.927
3.9339
3.942
3.9504
3.9591
3.9673
3.9753
3.9841
3.9948
4.0079
4.0224
4.0373
4.0514
4.0666
4.0833
4.1006
4.1254
4.1686
4.2002
4.1937
4.1753
4.167
4.1671
4.1708
4.1783
4.1916
4.2032
4.2058
4.2077
4.2099
4.2067
4.2049
4.2065
4.2097
4.2139
4.2213
4.2351
4.2528
4.2756
4.3041
4.3261
4.3437
4.3616
4.3702
4.3748
4.3826
4.3913
4.4019
4.4145
4.4283
4.4444
4.4662
4.4937
4.5304
4.5667
4.5848
4.5867
4.5878
4.6042
4.6306
4.6413
4.6353
4.6335
4.6422
4.653
4.6645
4.6778
4.6934
4.7108
4.7287
4.7495
4.8132
4.932
5.019
5.0361
5.0068
4.9976
5.0104
4.984
4.9396
4.9076
4.8969
4.8971
4.904
4.9162
4.9296
4.9429
4.9564
4.9692
4.9803
4.9922
5.008
5.0352
5.0966
5.1955
5.218
5.1585
5.135
5.1781
5.2858
5.3865
5.4362
5.4636
5.475
5.4809
5.4965
5.5168
5.5196
5.5158
5.5239
5.5376
5.5496
5.5662
5.596
5.6345
5.6588
5.6684
5.6799
5.6941
5.7193
5.7453
5.7497
5.7467
5.7519
5.7653
5.793
5.8313
5.8706
5.8997
5.913
5.9166
5.917
5.9154
5.9069
5.9033
5.9202
5.9471
5.9632
5.9753
6.0019
6.0324
6.0395
6.0477
6.0891
6.1267
6.1397
6.1558
6.1626
6.1251
6.0233
5.9179
5.8734
5.8381
5.7889
5.7578
5.7379
5.7241
5.722
5.7307
5.7497
5.759
5.7506
5.7689
5.8475
5.925
5.9615
5.9781
5.9619
5.9466
5.9608
5.9813
6.0234
6.0769
6.1009
6.1069
6.1256
6.1636
6.2067
6.2491
6.2827
6.3062
6.3293
6.3573
6.3806
6.3976
6.4078
6.4146
6.4245
6.4365
6.453
6.4678
6.4078
6.2771
6.2407
6.3095
6.4071
6.5174
6.594
6.6341
6.6606
6.6746
6.6771
6.6765
6.679
6.6817
6.6799
6.6809
6.6888
6.6945
6.6952
6.6992
6.7053
6.7085
6.6995
6.6345
6.556
6.4826
6.3641
6.2425
6.1655
6.1298
6.1093
6.0977
6.0924
6.1013
6.1108
6.1118
6.1161
6.1574
6.3023
6.3788
6.2848
6.1867
6.1364
6.1142
6.1076
6.1076
6.1113
6.1176
6.1294
6.1426
6.1516
6.1612
6.1757
6.1976
6.2642
6.3745
6.5135
6.6576
6.7197
6.7254
6.7102
6.7131
6.7695
6.7972
6.7631
6.6898
6.6759
6.7415
6.8025
6.8223
6.8244
6.8636
6.9058
6.9195
6.9268
6.9279
6.9247
6.9312
6.9395
6.9354
6.9045
6.86
6.8291
6.8097
6.7911
6.7347
6.6397
6.5659
6.5352
6.4859
6.4188
6.3815
6.3712
6.3762
6.3675
6.3531
6.3513
6.3605
6.3835
6.4585
6.6672
6.8662
6.9302
6.9504
6.9636
6.9763
6.9904
7.0061
7.022
7.0349
7.0455
7.0545
7.0632
7.0703
7.0759
7.0813
7.0861
7.088
7.0892
7.0893
7.0876
7.0837
7.08
7.0776
7.0757
7.0751
7.073
7.0693
7.0662
7.0643
7.0645
7.0626
7.058
7.0499
7.0387
7.0244
7.008
6.9913
6.9743
6.9583
6.9423
6.8754
6.7144
6.5492
6.4355
6.3496
6.2927
6.2552
6.2273
6.205
6.1878
6.1763
6.1695
6.1639
6.16
6.1688
6.1914
6.1956
6.1925
6.2172
6.2433
6.2632
6.2739
6.2502
6.2166
6.1701
6.1152
6.085
6.0723
6.0602
6.0517
6.0528
6.0328
5.9883
5.9482
5.9198
5.8987
5.8822
5.8674
5.8553
5.8471
5.843
5.8366
5.816
5.789
5.7666
5.747
5.7293
5.7125
5.6973
5.6833
5.6696
5.6556
5.6419
5.6282
5.6141
5.6024
5.5923
5.5839
5.5765
5.5694
5.5623
5.556
5.5507
5.5451
5.54
5.5377
5.5398
5.5447
5.5509
5.5564
5.5631
5.5741
5.5954
5.6166
5.634
5.6525
5.6624
5.6672
5.674
5.6844
5.693
5.6986
5.7102
5.7286
5.7487
5.7633
5.7691
5.7717
5.7776
5.7882
5.7998
5.8079
5.8159
5.8296
5.8459
5.8784
5.939
6.0064
6.0622
6.0616
5.9998
5.9587
5.9693
6.008
6.0274
6.0066
5.9666
5.9334
5.9246
5.931
5.9487
5.9796
6.0188
6.0655
6.113
6.1426
6.1403
6.1437
6.2519
6.4046
6.4775
6.4999
6.5148
6.524
6.5317
6.5384
6.5484
6.5573
6.5611
6.5639
6.5491
6.5412
6.5242
6.4937
6.5126
6.5366
6.543
6.5583
6.5725
6.5798
6.5893
6.6091
6.6322
6.6467
6.6306
6.5741
6.5171
6.5154
6.5271
6.5334
6.5354
6.5276
6.5529
6.5862
6.5815
6.5969
6.6556
6.7054
6.7409
6.7534
6.7454
6.7263
6.7058
6.6938
6.6949
6.6852
6.6816
6.6667
6.6283
6.5954
6.5543
6.6193
6.7378
6.7831
6.8041
6.8131
6.8104
6.7898
6.7187
6.623
6.529
6.4489
6.4085
6.3938
6.3899
6.3976
6.425
6.4551
6.4875
6.5673
6.6052
6.5497
6.5163
6.5435
6.5986
6.6494
6.6416
6.6057
6.658
6.7748
6.8611
6.9061
6.9305
6.9462
6.9547
6.9516
6.9262
6.875
6.8073
6.758
6.7729
6.8445
6.8974
6.9177
6.9342
6.9537
6.9748
7.003
7.0294
7.0202
6.9962
6.9526
6.862
6.8061
6.8454
6.9096
6.9284
6.9375
6.9673
6.9962
7.0053
6.9947
6.9768
6.9636
6.9386
6.8729
6.8044
6.7559
6.7027
6.6707
6.7263
6.841
6.9558
7.038
7.0807
7.1155
7.1366
7.1453
7.1284
7.124
7.1473
7.157
7.1587
7.1547
7.1461
7.14
7.1403
7.1464
7.1544
7.1558
7.1485
7.1389
7.1349
7.1331
7.1267
7.119
7.1133
7.108
7.0994
7.0854
7.0724
7.0684
7.0721
7.0773
7.0788
7.0722
7.0621
7.0542
7.0478
7.041
7.0276
7.005
6.9877
6.9739
6.9585
6.9532
6.9533
6.9535
6.9497
6.9399
6.9254
6.9052
6.876
6.8444
6.8234
6.8069
6.7878
6.7657
6.7454
6.7359
6.7292
6.7187
6.7056
6.6914
6.6869
6.6824
6.6692
6.6631
6.6628
6.6569
6.6433
6.6246
6.6086
6.5977
6.5876
6.5767
6.5688
6.5687
6.5673
6.5569
6.5431
6.5339
6.5344
6.5424
6.5526
6.5614
6.5642
6.5611
6.5571
6.5495
6.5384
6.5285
6.5184
6.5068
6.4982
6.4867
6.4646
6.434
6.4039
6.3836
6.3681
6.3317
6.2741
6.2482
6.2647
6.2963
6.321
6.33
6.3303
6.3174
6.298
6.2815
6.2694
6.2637
6.2594
6.2645
6.274
6.2648
6.2418
6.2095
6.1812
6.1702
6.168
6.1667
6.1689
6.1787
6.1973
6.2216
6.2458
6.2664
6.2856
6.3027
6.3099
6.3093
6.3047
6.2918
6.2724
6.2587
6.2402
6.2134
6.1959
6.1865
6.1744
6.1686
6.1718
6.1736
6.1749
6.1757
6.1696
6.1586
6.1508
6.1458
6.1398
6.1335
6.1256
6.1227
6.1233
6.1136
6.0979
6.0811
6.0597
6.0425
6.0286
6.0217
6.0202
6.0093
5.9841
5.9527
5.9283
5.9143
5.9065
5.9007
5.8891
5.8702
5.8496
5.8287
5.8076
5.7938
5.788
5.7859
5.7853
5.785
5.7668
5.7207
5.7094
5.7318
5.734
5.6988
5.6126
5.5406
5.5435
5.5602
5.557
5.5632
5.5241
5.4073
5.2948
5.2314
5.1842
5.1417
5.1076
5.0786
5.05
5.0228
4.9991
4.9776
4.9568
4.9353
4.9138
4.8925
4.8714
4.8527
4.8363
4.8212
4.8067
4.7924
4.7789
4.7643
4.7497
4.7347
4.7199
4.7063
4.6931
4.6794
4.6665
4.6543
4.6427
4.6336
4.6266
4.6206
4.6157
4.6119
4.6086
4.6054
4.6017
4.5986
4.5962
4.5947
4.5948
4.6005
4.6104
4.625
4.6777
4.7424
4.7642
4.7595
4.7464
4.7279
4.7065
4.6785
4.6408
4.595
4.5505
4.5195
4.5003
4.4849
4.4718
4.4591
4.4464
4.4339
4.4235
4.4147
4.4066
4.3995
4.3931
4.3875
4.3832
4.3808
4.3797
4.3795
4.379
4.3776
4.3759
4.3741
4.3716
4.3677
4.3632
4.3591
4.356
4.3521
4.3462
4.3405
4.336
4.3333
4.3319
4.3314
4.3309
4.3305
4.3304
4.3309
4.3314
4.3324
4.3342
4.337
4.3403
4.3453
4.353
4.3659
4.3941
4.4277
4.4496
4.4395
4.4091
4.3944
4.3954
4.3979
4.3898
4.3755
4.3628
4.3514
4.3411
4.3321
4.3249
4.3191
4.3149
4.3139
4.3138
4.3116
4.3093
4.3073
4.3052
4.3001
4.2938
4.2892
4.2885
4.2888
4.2865
4.282
4.2756
4.2701
4.2663
4.2627
4.2582
4.2531
4.2482
4.243
4.2377
4.2325
4.2273
4.2225
4.2182
4.2147
4.2112
4.2081
4.2055
4.2032
4.2013
4.1994
4.1976
4.1963
4.1955
4.1948
4.1944
4.1943
4.1946
4.1954
4.1964
4.1976
4.1998
4.2031
4.2063
4.2093
4.2123
4.2155
4.2193
4.2244
4.2317
4.2429
4.2504
4.2491
4.2467
4.246
4.2456
4.2456
4.2467
4.2485
4.2507
4.2535
4.257
4.262
4.268
4.2747
4.2811
4.2875
4.2942
4.3014
4.3091
4.3167
4.3237
4.3309
4.3389
4.347
4.3545
4.3621
4.3705
4.3791
4.3871
4.3941
4.3998
4.4046
4.4091
4.4137
4.4177
4.4212
4.4246
4.4282
4.4315
4.4347
4.4377
4.4403
4.443
4.4457
4.4484
4.4515
4.4547
4.4579
4.4615
4.4656
4.4695
4.474
4.4786
4.4832
4.4877
4.4921
4.4964
4.5003
4.5038
4.5072
4.5107
4.514
4.5174
4.5208
4.5237
4.5255
4.5271
4.5284
4.5292
4.5296
4.5303
4.5304
4.5302
4.5299
4.5298
4.5312
4.5333
4.5359
4.5368
4.5369
4.5366
4.5365
4.5374
4.5387
4.5408
4.5437
4.5484
4.5546
4.561
4.5676
4.575
4.5833
4.5921
4.6006
4.6084
4.6139
4.6158
4.6164
4.6172
4.6182
4.6195
4.6217
4.6247
4.6279
4.632
4.6369
4.6421
4.6482
4.6551
4.6634
4.6715
4.6796
4.688
4.6973
4.7082
4.7203
4.7352
4.7509
4.7691
4.7908
4.8019
4.8025
4.8065
4.818
4.8349
4.8563
4.8807
4.9012
4.9151
4.9432
4.9785
4.9944
5.0025
5.0197
5.025
5.0213
5.0353
5.0642
5.1348
5.2242
5.2706
5.2409
5.1753
5.1514
5.1642
5.1861
5.2095
5.2412
5.2729
5.297
5.3211
5.3082
5.2758
5.2905
5.3327
5.3565
5.3419
5.2961
5.2426
5.217
5.213
5.187
5.1539
5.141
5.1451
5.1539
5.1654
5.1874
5.1964
5.1843
5.1735
5.1684
5.1681
5.174
5.1828
5.189
5.1974
5.2034
5.2045
5.209
5.2135
5.2148
5.2213
5.2324
5.2474
5.273
5.3328
5.4265
5.4864
5.4918
5.4816
5.4621
5.4318
5.4068
5.3921
5.3881
5.404
5.449
5.4741
5.4571
5.4516
5.4691
5.4921
5.5003
5.5118
5.5092
5.491
5.4988
5.5164
5.5676
5.6197
5.6228
5.6161
5.6795
5.7846
5.839
5.8598
5.8718
5.8783
5.8825
5.8819
5.8366
5.7448
5.6593
5.6033
5.5801
5.5756
5.5667
5.5846
5.6181
5.6208
5.649
5.7111
5.7384
5.7034
5.6568
5.6604
5.7206
5.7767
5.7954
5.7953
5.7934
5.7945
5.7763
5.7418
5.741
5.7493
5.7024
5.6174
5.5629
5.5723
5.601
5.6574
5.7102
5.7076
5.6705
5.6143
5.587
5.5861
5.5855
5.5496
5.4893
5.4978
5.5232
5.4976
5.4557
5.418
5.3944
5.3811
5.3826
5.4167
5.4872
5.5747
5.6088
5.5553
5.4682
5.4249
5.4318
5.4246
5.4118
5.4187
5.4336
5.46
5.5081
5.5415
5.5394
5.524
5.5049
5.4968
5.4921
5.4946
5.5101
5.5088
5.4931
5.4764
5.4355
5.3514
5.2578
5.2008
5.1607
5.1198
5.1023
5.0945
5.0792
5.081
5.0813
5.0784
5.1069
5.1233
5.085
5.0392
4.9956
4.9218
4.8525
4.8106
4.7803
4.7523
4.7253
4.7006
4.6776
4.657
4.6383
4.6208
4.6031
4.5846
4.5678
4.5519
4.5359
4.522
4.5109
4.5016
4.493
4.4852
4.4776
4.4704
4.4625
4.4534
4.4426
4.431
4.42
4.4096
4.3991
4.3881
4.377
4.3664
4.3567
4.3471
4.3372
4.3267
4.3162
4.3062
4.2973
4.2894
4.2817
4.2745
4.2675
4.2606
4.2532
4.2455
4.2378
4.23
4.2225
4.2165
4.2111
4.206
4.201
4.1948
4.1882
4.1813
4.1738
4.166
4.1576
4.1489
4.1405
4.1322
4.1245
4.1178
4.113
4.1089
4.1045
4.0999
4.0944
4.0886
4.083
4.0785
4.0746
4.0707
4.0667
4.0627
4.0588
4.0548
4.0503
4.046
4.042
4.0384
4.0356
4.0327
4.0295
4.0267
4.0239
4.0205
4.0159
4.0119
4.0088
4.0064
4.0034
4
3.9965
3.9932
3.9898
3.9867
3.9832
3.979
3.9749
3.9718
3.9695
3.9679
3.9708
3.9812
3.9935
3.9825
3.9567
3.9402
3.9278
3.9175
3.9094
3.9027
3.8968
3.8916
3.8872
3.8828
3.8785
3.8742
3.8692
3.8638
3.8578
3.8514
3.8457
3.841
3.8373
3.8348
3.8335
3.8329
3.8321
3.8303
3.8282
3.8264
3.8251
3.8243
3.8245
3.8251
3.8251
3.8249
3.825
3.8246
3.8248
3.8257
3.8268
3.8285
3.8316
3.835
3.8382
3.8422
3.8474
3.8529
3.858
3.8631
3.8687
3.8738
3.8791
3.884
3.8885
3.8939
3.8998
3.9059
3.9118
3.9173
3.9226
3.9286
3.9353
3.9423
3.9498
3.9567
3.9618
3.9667
3.9716
3.9759
3.9804
3.9854
3.9912
3.9974
4.0053
4.0136
4.0217
4.0298
4.0386
4.0486
4.0594
4.0711
4.0829
4.0956
4.1108
4.1306
4.1646
4.2171
4.2591
4.2646
4.2513
4.2464
4.248
4.2584
4.2882
4.3199
4.3305
4.31
4.2886
4.2806
4.2666
4.2555
4.2528
4.2556
4.2715
4.3366
4.4039
4.4153
4.4192
4.4419
4.4631
4.4479
4.437
4.4657
4.4725
4.4641
4.4593
4.4375
4.4288
4.428
4.4196
4.4181
4.4067
4.3812
4.369
4.3596
4.3214
4.2789
4.2409
4.198
4.1689
4.1501
4.1308
4.1127
4.0996
4.0905
4.0837
4.0782
4.0721
4.0659
4.0606
4.0567
4.0539
4.0507
4.0485
4.0463
4.0435
4.0407
4.0376
4.035
4.0335
4.0317
4.0297
4.0283
4.0291
4.0327
4.0451
4.0725
4.0907
4.0931
4.0993
4.1128
4.1168
4.1096
4.1068
4.1197
4.1619
4.1981
4.2012
4.1891
4.1676
4.1497
4.1619
4.2007
4.2199
4.2191
4.2044
4.1613
4.1081
4.0565
4.0225
4.0104
4.01
4.006
3.9975
3.993
3.9901
3.9897
3.9904
3.9905
3.992
3.9929
3.9839
3.9669
3.9544
3.95
3.9486
3.9491
3.9506
3.9521
3.9559
3.9617
3.9611
3.9648
3.9781
3.9728
3.9589
3.9645
3.9724
3.9727
3.9814
4.0006
4.0094
3.9983
3.963
3.9194
3.8936
3.8846
3.891
3.8868
3.8632
3.8436
3.83
3.8179
3.8056
3.793
3.7815
3.7715
3.7628
3.7556
3.7491
3.7438
3.7394
3.7352
3.7295
3.7229
3.717
3.7108
3.7043
3.6997
3.6964
3.6897
3.6797
3.6713
3.665
3.6604
3.6571
3.6546
3.6522
3.6494
3.6459
3.6419
3.6385
3.6355
3.6328
3.6303
3.6279
3.6261
3.6248
3.6238
3.6231
3.6229
3.6231
3.6234
3.6238
3.6239
3.6243
3.6247
3.6251
3.6257
3.6266
3.6279
3.6286
3.6291
3.6299
3.6308
3.6326
3.6358
3.6401
3.6474
3.6576
3.6635
3.6613
3.6572
3.6539
3.6514
3.6496
3.6482
3.6471
3.6468
3.6471
3.6483
