4.535
4.5442
4.5606
4.5915
4.6434
4.7034
4.7713
4.8374
4.8589
4.844
4.7775
4.6931
4.6497
4.6137
4.5742
4.5534
4.5478
4.5309
4.5099
4.4986
4.4959
4.4766
4.4354
4.4008
4.3786
4.3753
4.3792
4.358
4.3184
4.288
4.2691
4.2554
4.244
4.2359
4.2284
4.2171
4.2034
4.1901
4.1783
4.1672
4.1561
4.1456
4.1357
4.1272
4.1195
4.1123
4.1053
4.0986
4.0917
4.0847
4.0794
4.0743
4.0692
4.0645
4.0608
4.059
4.0581
4.0573
4.0562
4.0554
4.0559
4.0572
4.0586
4.0606
4.0624
4.0639
4.0655
4.0668
4.0683
4.0695
4.0698
4.069
4.0673
4.064
4.0589
4.0543
4.0498
4.0453
4.0413
4.0374
4.0332
4.0285
4.0241
4.0197
4.0156
4.0117
4.0077
4.0038
4.001
3.9991
3.9976
3.9963
3.9958
3.9959
3.9959
3.996
3.9964
3.9961
3.9956
3.9952
3.9953
3.9969
3.9994
4.0026
4.0051
4.0069
4.0086
4.0103
4.012
4.0132
4.0139
4.0145
4.015
4.0145
4.0139
4.0137
4.0141
4.0155
4.0174
4.0205
4.0242
4.0273
4.0323
4.0402
4.0444
4.0371
4.0238
4.0135
4.0071
4.0036
4.0043
4.0176
4.0518
4.0847
4.0911
4.078
4.057
4.0296
3.9936
3.9587
3.9358
3.9201
3.905
3.8911
3.8808
3.8725
3.8655
3.8598
3.8548
3.8498
3.8457
3.8424
3.8401
3.8387
3.8377
3.8374
3.838
3.8393
3.8413
3.8443
3.8474
3.8511
3.8552
3.8593
3.8638
3.8685
3.8738
3.8804
3.8868
3.8933
3.8999
3.9077
3.9158
3.9231
3.9302
3.9362
3.9419
3.9482
3.9552
3.9622
3.9691
3.9765
3.985
3.9936
4.003
4.0132
4.0235
4.0338
4.0448
4.0561
4.068
4.0805
4.0928
4.1049
4.1173
4.1293
4.1406
4.1517
4.1637
4.177
4.1897
4.2015
4.2121
4.2229
4.2338
4.2443
4.2548
4.2647
4.274
4.2832
4.2918
4.3001
4.3091
4.3201
4.3345
4.3562
4.3797
4.3937
4.4047
4.4203
4.4292
4.4321
4.4425
4.456
4.4632
4.4666
4.4726
4.4918
4.5324
4.5981
4.6812
4.7033
4.664
4.6342
4.6357
4.6518
4.6271
4.581
4.5463
4.5159
4.4942
4.4821
4.4754
4.4725
4.4724
4.4747
4.4802
4.4887
4.4962
4.5016
4.4975
4.4803
4.4657
4.4571
4.4518
4.4434
4.4281
4.414
4.4022
4.392
4.383
4.3741
4.3641
4.3529
4.3431
4.3345
4.3268
4.32
4.3144
4.3102
4.3074
4.3059
4.3054
4.3053
4.3058
4.307
4.3087
4.311
4.3141
4.3175
4.3209
4.3249
4.329
4.3331
4.3379
4.3455
4.3552
4.3652
4.3753
4.3849
4.3939
4.402
4.41
4.4169
4.4218
4.4259
4.4306
4.4358
4.4414
4.4467
4.4522
4.4603
4.4703
4.4817
4.4939
4.5064
4.5204
4.535
4.5503
4.5671
4.5859
4.6014
4.6132
4.6247
4.637
4.6554
4.7041
4.774
4.8136
4.8046
4.7823
4.7669
4.7501
4.7371
4.7218
4.6976
4.6757
4.6635
4.6572
4.6538
4.6526
4.6525
4.6539
4.6572
4.6625
4.6697
4.6792
4.6897
4.7027
4.7176
4.7357
4.7588
4.7848
4.8189
4.8515
4.8633
4.861
4.8636
4.9034
4.9662
4.9989
5.0039
4.9631
4.8908
4.8437
4.8178
4.8045
4.7979
4.7923
4.7859
4.7807
4.7776
4.7788
4.79
4.8286
4.8836
4.9385
4.9957
5.0356
5.0842
5.1245
5.1244
5.1024
5.0656
5.006
4.9145
4.8189
4.7441
4.6971
4.6692
4.6488
4.6301
4.6122
4.597
4.5851
4.572
4.555
4.5384
4.5225
4.5084
4.4964
4.4869
4.4797
4.4746
4.4707
4.4679
4.4654
4.4626
4.4602
4.4574
4.4538
4.45
4.4454
4.4406
4.4362
4.4327
4.4295
4.4274
4.427
4.4286
4.4316
4.4356
4.4398
4.4437
4.4472
4.4512
4.4562
4.4633
4.4711
4.479
4.4878
4.4961
4.5036
4.5113
4.5194
4.5288
4.5385
4.5471
4.5554
4.5629
4.5689
4.5738
4.5776
4.5806
4.5824
4.5836
4.585
4.5868
4.5889
4.592
4.5963
4.6019
4.6088
4.6159
4.6234
4.6309
4.6383
4.646
4.6544
4.6629
4.671
4.6793
4.6875
4.6958
4.7039
4.7121
4.7204
4.7279
4.7356
4.7434
4.7515
4.7605
4.7697
4.7784
4.7868
4.795
4.803
4.8111
4.82
4.8294
4.8388
4.8485
4.8596
4.8727
4.8875
4.9048
4.9279
4.9407
4.9429
4.9587
4.9694
4.9641
4.9629
4.9599
4.9503
4.9433
4.9401
4.9399
4.9424
4.9477
4.9543
4.9599
4.9648
4.9696
4.9758
4.9826
4.9879
4.9925
4.9963
4.9995
5.0027
5.0063
5.0097
5.0137
5.0188
5.0237
5.0282
5.033
5.0381
5.0432
5.0498
5.0566
5.0646
5.0742
5.0838
5.0923
5.1021
5.1128
5.1234
5.1344
5.1466
5.1604
5.1747
5.1884
5.208
5.2624
5.3077
5.2985
5.2819
5.2791
5.2817
5.2882
5.2917
5.2861
5.2744
5.2662
5.2677
5.275
5.2839
5.2933
5.3057
5.3209
5.3482
5.4192
5.5342
5.5932
5.5473
5.5352
5.5679
5.541
5.5089
5.5245
5.5895
5.6427
5.6059
5.5407
5.5087
5.4897
5.5035
5.5155
5.4717
5.4138
5.3644
5.3268
5.3041
5.29
5.2809
5.2737
5.2676
5.2624
5.2586
5.2564
5.2563
5.2572
5.2589
5.2603
5.2611
5.2611
5.2623
5.2655
5.2683
5.2707
5.274
5.2772
5.2794
5.2795
5.2796
5.2809
5.2829
5.2848
5.285
5.2835
5.2818
5.2807
5.2804
5.281
5.2816
5.2827
5.2837
5.2852
5.2894
5.297
5.3056
5.3158
5.3269
5.3379
5.3494
5.3621
5.3751
5.3896
5.4076
5.4249
5.4323
5.4308
5.4249
5.4191
5.4162
5.4146
5.4146
5.4172
5.4218
5.4264
5.4295
5.4304
5.4316
5.4336
5.4356
5.4379
5.4408
5.4444
5.449
5.4551
5.4648
5.478
5.4914
5.5044
5.5195
5.5352
5.5528
5.5726
5.5901
5.6039
5.6177
5.6332
5.6487
5.663
5.6761
5.6899
5.706
5.7249
5.745
5.7655
5.7872
5.8092
5.8291
5.8466
5.8642
5.8835
5.9043
5.9261
5.95
5.9777
6.0293
6.1678
6.3724
6.5135
6.5639
6.5837
6.6052
6.6341
6.6622
6.6841
6.6968
6.7066
6.7198
6.7218
6.6895
6.6185
6.5451
6.5143
6.5296
6.5694
6.6113
6.6443
6.6451
6.57
6.4336
6.3365
6.3074
6.2993
6.2987
6.3018
6.3085
6.3205
6.34
6.3661
6.407
6.4613
6.4842
6.5419
6.6543
6.7418
6.8273
6.89
6.9166
6.9357
6.9459
6.9492
6.9428
6.9361
6.9351
6.9226
6.887
6.8723
6.8885
6.9104
6.9173
6.8683
6.7779
6.6711
6.59
6.5732
6.5805
6.5903
6.6109
6.6255
6.6283
6.6555
6.7279
6.7918
6.8963
7.0224
7.0691
7.0812
7.0839
7.082
7.0783
7.073
7.0705
7.0683
7.0642
7.0576
7.0473
7.0341
7.0263
7.0244
7.0162
6.9996
6.9668
6.9065
6.8972
6.9433
6.9675
6.9723
6.9721
6.9672
6.9577
6.9549
6.9616
6.9622
6.908
6.7695
6.6434
6.6231
6.6188
6.5905
6.5846
6.5756
6.5444
6.5467
6.5874
6.5527
6.4571
6.3982
6.3988
6.4306
6.4732
6.4594
6.3903
6.3695
6.4278
6.5267
6.5988
6.6216
6.628
6.6253
6.5789
6.5411
6.5474
6.5463
6.5372
6.5101
6.4423
6.3482
6.2386
6.1588
6.1332
6.1163
6.0879
6.0521
6.01
5.9526
5.8872
5.8321
5.7913
5.7582
5.7296
5.703
5.6779
5.6563
5.639
5.6239
5.6079
5.5895
5.5723
5.5554
5.5424
5.5314
5.5074
5.4758
5.4456
5.4179
5.3936
5.3719
5.3541
5.3401
5.3235
5.3049
5.2861
5.268
5.2495
5.2305
5.2118
5.1942
5.1764
5.1591
5.1436
5.1293
5.1152
5.1006
5.0861
5.0718
5.0588
5.0466
5.0351
5.0228
5.0106
4.9995
4.9928
4.9989
5.0052
4.992
4.9629
4.9371
4.9195
4.9042
4.9015
4.9009
4.8735
4.8252
4.7846
4.7562
4.7326
4.7117
4.6923
4.6737
4.6563
4.6404
4.6258
4.6123
4.5995
4.5876
4.577
4.5683
4.5775
4.6263
4.6606
4.6583
4.6497
4.6059
4.5299
4.4638
4.4205
4.3889
4.362
4.3386
4.3169
4.2966
4.2779
4.2607
4.2454
4.2306
4.2153
4.2012
4.1873
4.1735
4.1611
4.1498
4.1385
4.128
4.1185
4.1097
4.1014
4.0926
4.0836
4.0744
4.0657
4.057
4.0467
4.0358
4.0239
4.0117
4.0001
3.9894
3.979
3.9692
3.9602
3.9511
3.9422
3.9336
3.9245
3.9149
3.9061
3.8987
3.8916
3.8849
3.8786
3.8727
3.8672
3.8621
3.8575
3.8532
3.8492
3.8453
3.8422
3.8396
3.837
3.8342
3.8319
3.8297
3.8265
3.8236
3.8209
3.8186
3.8178
3.8175
3.8178
3.8188
3.8196
3.8207
3.822
3.8233
3.8249
3.8264
3.8276
3.829
3.8302
3.8313
3.8321
3.8326
3.8331
3.8335
3.8338
3.8345
3.835
3.8358
3.837
3.8379
3.8388
3.8403
3.8413
3.8422
3.8434
3.8449
3.8464
3.8483
3.8513
3.8541
3.8564
3.8589
3.8615
3.8644
3.8675
3.8707
3.8741
3.877
3.8795
3.8818
3.8843
3.8866
3.8887
3.8909
3.8927
3.8948
3.8974
3.8997
3.9021
3.905
3.908
3.9112
3.915
3.9188
3.9228
3.9269
3.9305
3.9344
3.9376
3.9397
3.9425
3.9455
3.9483
3.9511
3.954
3.9569
3.9599
3.963
3.9662
3.9697
3.9739
3.9786
3.9836
3.9893
3.9949
4.0003
4.0056
4.0116
4.0176
4.0238
4.0313
4.0397
4.0484
4.0566
4.0646
4.0722
4.0785
4.085
4.092
4.0982
4.1047
4.1129
4.1218
4.1272
4.128
4.1283
4.1295
4.1312
4.1338
4.1374
4.1416
4.146
4.1509
4.1576
4.1655
4.1736
4.1807
4.1871
4.194
4.2011
4.2082
4.2166
4.2264
4.2363
4.247
4.259
4.2705
4.2898
4.3437
4.405
4.4251
4.4073
4.3765
4.377
4.3886
4.3682
4.3428
4.3329
4.3324
4.3358
4.3434
4.3541
4.3645
4.3738
4.3847
4.4075
4.4375
4.4559
4.4611
4.4556
4.4484
4.4487
4.4575
4.4715
4.4811
4.4848
4.4848
4.483
4.4858
4.4951
4.5034
4.5069
4.5178
4.5338
4.5423
4.5548
4.5656
4.5583
4.5478
4.5492
4.562
4.5826
4.6002
4.613
4.6145
4.5987
4.5999
4.6261
4.6288
4.5963
4.5693
4.5592
4.5533
4.5531
4.558
4.5651
4.5731
4.5819
4.5921
4.6039
4.6195
4.6379
4.6521
4.6528
4.6454
4.6414
4.6418
4.6451
4.6496
4.6558
4.6649
4.6761
4.6885
4.7014
4.715
4.7293
4.742
4.7527
4.7638
4.7751
4.7859
4.797
4.8097
4.8244
4.8446
4.888
4.9584
5.029
5.0758
5.0946
5.1005
5.1059
5.1111
5.1155
5.1239
5.1324
5.1417
5.1567
5.1745
5.1914
5.2078
5.2297
5.2569
5.2836
5.3074
5.3292
5.3463
5.3551
5.3626
5.3762
5.3925
5.4027
5.4108
5.4274
5.4507
5.4752
5.5017
5.5256
5.5392
5.5338
5.5035
5.4829
5.4706
5.4331
5.4012
5.4103
5.4512
5.5073
5.5563
5.5811
5.5943
5.6045
5.617
5.6368
5.6542
5.6601
5.6596
5.6586
5.6594
5.657
5.6372
5.6032
5.5752
5.5611
5.5474
5.5248
5.5074
5.5168
5.5447
5.5681
5.5797
5.583
5.5832
5.5821
5.5806
5.5833
5.5933
5.604
5.6105
5.6139
5.6155
5.617
5.6193
5.6214
5.619
5.6141
5.6138
5.6191
5.6275
5.6329
5.6303
5.6233
5.6168
5.6102
5.6016
5.5919
5.5821
5.5727
5.5675
5.5692
5.5764
5.5848
5.5894
5.5886
5.5843
5.5781
5.5686
5.5619
5.554
5.5441
5.5304
5.5165
5.5122
5.5042
5.482
5.4495
5.4311
5.4215
5.4122
5.4125
5.4099
5.3947
5.3694
5.3393
5.3174
5.3216
5.3228
5.3027
5.2827
5.2686
5.2584
5.2516
5.2459
5.2397
5.2324
5.2249
5.2187
5.2137
5.208
5.2018
5.1953
5.1885
5.1826
5.1777
5.1742
5.1707
5.168
5.1658
5.1637
5.1615
5.1594
5.1575
5.1557
5.1536
5.1518
5.1513
5.1519
5.1532
5.1552
5.1592
5.1656
5.1711
5.1744
5.1767
5.1792
5.1826
5.1858
5.1883
5.19
5.192
5.1947
5.1984
5.2032
5.2094
5.2172
5.2251
5.2332
5.2404
5.2472
5.2535
5.2597
5.2656
5.2716
5.2777
5.2839
5.2906
5.2978
5.3055
5.3144
5.3251
5.3366
5.35
5.3658
5.3825
5.4003
5.4183
5.4359
5.4535
5.471
5.4878
5.5054
5.5235
5.5418
5.5602
5.5795
5.6005
5.6279
5.694
5.7537
5.7581
5.7473
5.7405
5.7441
5.7557
5.7707
5.7878
5.8032
5.8177
5.8327
5.8504
5.8748
5.9124
5.9805
6.0566
6.1046
6.1634
6.2215
6.2303
6.234
6.2498
6.244
6.2212
6.2258
6.2603
6.2845
6.2826
6.2756
6.3163
6.3599
6.3274
6.2613
6.222
6.1975
6.1803
6.1775
6.1819
6.1906
6.2026
6.2193
6.2401
6.2702
6.3217
6.4115
6.4932
6.5377
6.5735
6.6153
6.6688
6.7102
6.7338
6.7512
6.7716
6.7906
6.8026
6.815
6.8233
6.8307
6.8423
6.8574
6.8727
6.884
6.8846
6.8732
6.8847
6.9102
6.9192
6.9238
6.9317
6.9385
6.941
6.9506
6.9664
6.9825
6.9988
7.0125
7.0186
7.0176
7.0102
6.9906
6.9705
6.9506
6.9162
6.8819
6.8582
6.8287
6.7834
6.7478
6.7408
6.7592
6.8281
6.9413
7.0282
7.0709
7.0963
7.113
7.1279
7.1389
7.1433
7.1419
7.1365
7.1426
7.1612
7.1774
7.1899
7.2018
7.2118
7.2205
7.2292
7.2367
7.2389
7.2366
7.2335
7.2311
7.2284
7.2253
7.2242
7.224
7.2236
7.2216
7.2163
7.2081
7.195
7.1789
7.1673
7.1583
7.1486
7.1387
7.128
7.1195
7.1176
7.1202
7.1196
7.1108
7.1045
7.1056
7.1032
7.0901
7.0805
7.0917
7.1019
7.0975
7.092
7.0875
7.083
7.0757
7.0503
7.019
7.0056
7.0031
7.0111
7.018
7.006
6.9812
6.9707
6.9796
6.9647
6.9108
6.8399
6.8146
6.8287
6.7935
6.7257
6.6699
6.6441
6.6939
6.7803
6.8198
6.8151
6.7849
6.7572
6.7538
6.746
6.7353
6.7258
6.7096
6.6899
6.6677
6.6428
6.6184
6.599
6.5789
6.5525
6.5251
6.502
6.4561
6.3907
6.3247
6.2735
6.2336
6.199
6.1713
6.1638
6.2173
6.2745
6.2579
6.1727
6.0989
6.0609
6.0312
6.0185
6.0152
6.0232
6.0265
6.0023
5.9618
5.93
5.9115
5.897
5.8837
5.8631
5.8346
5.7999
5.7792
5.7695
5.7519
5.7375
5.7259
5.7174
5.7138
5.7197
5.7243
5.7192
5.7046
5.6763
5.6585
5.6512
5.6326
5.6163
5.5983
5.567
5.5478
5.5511
5.5636
5.5632
5.5447
5.5348
5.525
5.5021
5.4998
5.5211
5.5324
5.5239
5.5113
5.4971
5.4783
5.4641
5.4508
5.4303
5.4083
5.4023
5.4191
5.4232
5.401
5.3798
5.3778
5.3956
5.4084
5.4037
5.3875
5.3692
5.3549
5.3422
5.3279
5.3137
5.3042
5.2969
5.2889
5.2823
5.2766
5.2718
5.2674
5.2628
5.2582
5.2526
5.2451
5.2382
5.2341
5.2315
5.2296
5.2272
5.2249
5.2232
5.2219
5.2206
5.2176
5.2129
5.209
5.2059
5.203
5.1997
5.1973
5.1969
5.1971
5.1978
5.1984
5.1975
5.1931
5.1825
5.1643
5.1435
5.1248
5.1074
5.093
5.0852
5.0856
5.0906
5.0946
5.0956
5.0947
5.0922
5.0879
5.0819
5.0748
5.0675
5.0603
5.0548
5.0523
5.0523
5.0538
5.0559
5.0559
5.0516
5.0462
5.0427
5.0418
5.0391
5.0275
5.0154
5.0174
5.0301
5.0441
5.0547
5.063
5.0717
5.0801
5.0863
5.0794
5.0685
5.0773
5.1039
5.1301
5.142
5.1467
5.1547
5.1625
5.1689
5.1735
5.1722
5.1636
5.1493
5.1313
5.1125
5.0966
5.0891
5.0872
5.0838
5.0802
5.0817
5.0853
5.0871
5.0884
5.0862
5.0746
5.0553
5.0401
5.0366
5.0404
5.0426
5.0392
5.0376
5.0421
5.042
5.0349
5.028
5.0211
5.0114
5.0016
4.9966
4.998
5.0041
5.0092
5.0069
4.9992
4.9908
4.9769
4.9567
4.9378
4.9229
4.9105
4.9006
4.8939
4.894
4.9017
4.9079
4.9075
4.9053
4.9073
4.9115
4.9148
4.9193
4.923
4.9228
4.919
4.9093
4.89
4.8578
4.8138
4.774
4.748
4.7293
4.7152
4.7058
4.6998
4.6967
4.6979
4.7237
4.7499
4.7532
4.76
4.7531
4.7387
4.7414
4.737
4.7203
4.7077
4.7042
4.7014
4.6901
4.6733
4.6751
4.6971
4.7096
4.7064
4.6964
4.6796
4.6467
4.6127
4.588
4.5573
4.5236
4.4977
