3.6537
3.6571
3.6599
3.662
3.664
3.666
3.6687
3.6729
3.6774
3.6821
3.6878
3.6937
3.7008
3.7133
3.7451
3.7899
3.8198
3.8217
3.7858
3.7336
3.7
3.6846
3.677
3.6719
3.668
3.6646
3.6619
3.66
3.6587
3.6579
3.6572
3.6562
3.6547
3.6531
3.6517
3.6507
3.6503
3.6503
3.6503
3.6501
3.6501
3.6503
3.6504
3.6501
3.6498
3.6492
3.6481
3.6463
3.6438
3.6411
3.6389
3.6377
3.6373
3.6372
3.6369
3.637
3.6374
3.6377
3.6381
3.6387
3.6396
3.6406
3.6418
3.6439
3.6461
3.6487
3.6523
3.6566
3.6606
3.6637
3.6667
3.6701
3.6742
3.6784
3.682
3.6862
3.6915
3.699
3.7074
3.7109
3.7107
3.7135
3.7179
3.7155
3.7085
3.7018
3.696
3.6926
3.6898
3.6871
3.6856
3.6853
3.6858
3.6865
3.6879
3.69
3.6918
3.6935
3.6952
3.6968
3.6985
3.6999
3.7013
3.7027
3.7041
3.7054
3.7071
3.709
3.7111
3.7139
3.7172
3.7214
3.7261
3.731
3.7363
3.7413
3.7457
3.7505
3.7562
3.7622
3.7691
3.7758
3.7835
3.7929
3.8019
3.8105
3.8235
3.8309
3.8336
3.845
3.848
3.8357
3.8234
3.8166
3.8134
3.812
3.8114
3.811
3.8117
3.8133
3.816
3.82
3.8252
3.8323
3.847
3.8621
3.8743
3.8859
3.8987
3.9217
3.9349
3.9302
3.9116
3.9016
3.9073
3.9047
3.8984
3.8969
3.9003
3.902
3.8959
3.8862
3.8854
3.8907
3.8858
3.8752
3.8686
3.864
3.8609
3.8595
3.8586
3.858
3.8581
3.8594
3.8616
3.8652
3.8701
3.876
3.883
3.8895
3.8955
3.9008
3.9055
3.9117
3.921
3.9339
3.9438
3.9501
3.955
3.963
3.9944
4.0307
4.0587
4.108
4.1547
4.1556
4.1179
4.0603
4.0114
3.9918
3.9924
4.0021
3.9962
3.9752
3.9592
3.9521
3.9509
3.9521
3.9547
3.9577
3.9599
3.9613
3.9643
3.9695
3.9713
3.969
3.9715
3.9659
3.9487
3.9364
3.929
3.9243
3.9216
3.921
3.9217
3.9222
3.9226
3.9218
3.921
3.9215
3.9236
3.9272
3.9319
3.9374
3.9458
3.9639
4.0075
4.0662
4.1356
4.2031
4.2225
4.207
4.1461
4.0561
3.991
3.9515
3.932
3.9184
3.9059
3.8947
3.8851
3.8771
3.8701
3.8639
3.8579
3.8519
3.8454
3.8388
3.8325
3.8279
3.825
3.8239
3.8239
3.8242
3.8245
3.8259
3.8277
3.8308
3.8353
3.8393
3.8425
3.8459
3.8495
3.8544
3.8612
3.8689
3.877
3.8874
3.8985
3.9068
3.9132
3.9226
3.9341
3.9492
3.9702
4.0048
4.0664
4.1077
4.1018
4.1056
4.1202
4.1236
4.1258
4.1232
4.1001
4.0807
4.0947
4.0947
4.0737
4.0631
4.0573
4.0534
4.0498
4.0491
4.054
4.0617
4.0716
4.0945
4.1119
4.1247
4.1533
4.1495
4.1175
4.1105
4.1044
4.0781
4.0553
4.0463
4.0421
4.0394
4.0393
4.0407
4.0424
4.0457
4.05
4.0536
4.0589
4.0687
4.0882
4.1051
4.1284
4.1657
4.1866
4.1827
4.1705
4.1691
4.1768
4.1741
4.1607
4.1471
4.1344
4.1253
4.1227
4.1227
4.1237
4.1246
4.1264
4.1299
4.1353
4.1418
4.1486
4.155
4.1607
4.1669
4.1738
4.1818
4.1904
4.1985
4.2055
4.2125
4.219
4.2247
4.2318
4.2392
4.2471
4.2542
4.26
4.2658
4.2717
4.2785
4.2847
4.291
4.298
4.308
4.3199
4.331
4.3411
4.3499
4.3598
4.372
4.3878
4.4051
4.4213
4.4376
4.453
4.4689
4.486
4.5048
4.5244
4.545
4.567
4.5899
4.6157
4.6652
4.7527
4.8658
4.9259
4.8975
4.8982
4.9415
4.9619
4.9349
4.8911
4.8846
4.9554
5.1113
5.1903
5.1301
5.034
4.9912
5.0172
5.0843
5.1602
5.1739
5.141
5.0907
5.0516
5.0649
5.1109
5.1265
5.0873
5.0085
4.9094
4.8341
4.7939
4.7782
4.7716
4.762
4.7495
4.7375
4.7296
4.7233
4.72
4.7185
4.7186
4.7199
4.723
4.7254
4.7252
4.7263
4.7278
4.7287
4.7286
4.7261
4.722
4.7187
4.7166
4.7142
4.713
4.7127
4.7124
4.7118
4.7114
4.7115
4.7138
4.7184
4.7242
4.73
4.7365
4.7415
4.7447
4.7485
4.7549
4.763
4.7726
4.7831
4.7986
4.8158
4.8235
4.8229
4.8236
4.8266
4.8307
4.8363
4.843
4.8494
4.8552
4.8635
4.8755
4.8902
4.9122
4.9305
4.9381
4.9426
4.9507
4.9888
5.064
5.1159
5.1306
5.1719
5.1812
5.1273
5.0907
5.0899
5.0839
5.0827
5.1313
5.1785
5.1948
5.2084
5.2216
5.1898
5.1352
5.0924
5.0508
5.0267
5.018
5.0231
5.0728
5.1187
5.1057
5.0827
5.0744
5.0914
5.1261
5.1127
5.0678
5.0422
5.0301
5.0264
5.0275
5.0312
5.0367
5.0443
5.0544
5.0636
5.074
5.0879
5.1088
5.1517
5.1693
5.1524
5.1955
5.276
5.2697
5.2003
5.1624
5.1378
5.1104
5.0887
5.0753
5.0658
5.0593
5.0564
5.0575
5.0589
5.0605
5.0777
5.1247
5.16
5.1689
5.2076
5.2457
5.2653
5.2776
5.311
5.2981
5.1896
5.1246
5.1312
5.1259
5.0965
5.094
5.1122
5.1241
5.1283
5.1071
5.0606
5.0272
5.0172
5.0025
4.9798
4.9652
4.9557
4.953
4.9555
4.9552
4.9556
4.9622
4.9729
4.9907
5.0089
5.0225
5.0291
5.0286
5.0293
5.0293
5.0251
5.0259
5.044
5.0603
5.0814
5.1217
5.1388
5.1683
5.2443
5.2228
5.1272
5.0886
5.0718
5.0505
5.0396
5.0547
5.0808
5.0846
5.1304
5.2215
5.2439
5.2132
5.207
5.2126
5.2459
5.277
5.1904
5.083
5.0418
5.0192
5.006
4.9958
4.9803
4.9584
4.9487
4.9449
4.9367
4.9221
4.9057
4.8956
4.8867
4.8781
4.8732
4.8724
4.8759
4.8843
4.9007
4.9325
5.0006
5.0606
5.0621
5.0355
5.0325
5.0969
5.2327
5.3053
5.315
5.3313
5.2901
5.257
5.2206
5.1075
5.0095
4.9916
4.9845
4.9387
4.892
4.865
4.8445
4.8227
4.7921
4.7624
4.7406
4.7215
4.7058
4.6904
4.6751
4.6615
4.6493
4.6376
4.6263
4.614
4.6028
4.5925
4.5804
4.5669
4.5534
4.5383
4.5246
4.5101
4.4969
4.4892
4.4821
4.4735
4.4654
4.4571
4.4456
4.4326
4.422
4.4128
4.4033
4.3927
4.3824
4.3728
4.3636
4.3547
4.3462
4.3381
4.3315
4.3252
4.3189
4.3124
4.3061
4.2993
4.2934
4.2881
4.2831
4.2781
4.2718
4.2636
4.2561
4.2506
4.2461
4.2424
4.2387
4.2344
4.2322
4.2318
4.2315
4.2321
4.234
4.2361
4.2385
4.2405
4.242
4.2439
4.2458
4.2474
4.2498
4.2528
4.2563
4.2606
4.2652
4.2701
4.2758
4.2818
4.2889
4.2948
4.2995
4.3044
4.3092
4.3146
4.3201
4.3269
4.3344
4.3409
4.3471
4.3518
4.3571
4.3631
4.369
4.3763
4.3851
4.3943
4.4034
4.4129
4.4226
4.4335
4.445
4.4598
4.4779
4.4969
4.5178
4.539
4.5627
4.5908
4.6339
4.7074
4.7546
4.7427
4.7327
4.7492
4.8076
4.8786
4.9921
5.1297
5.182
5.1944
5.1579
5.1413
5.2168
5.2669
5.2838
5.3024
5.3119
5.3215
5.3305
5.3231
5.3168
5.3275
5.3414
5.3493
5.3496
5.3424
5.3475
5.374
5.3972
5.4078
5.4114
5.4052
5.4004
5.4035
5.4065
5.3997
5.3709
5.3259
5.2773
5.2166
5.1347
5.068
5.0279
4.9926
4.9668
4.9434
4.9187
4.8992
4.8875
4.8841
4.8845
4.8867
4.8905
4.8955
4.9061
4.922
4.9502
5.0054
5.0342
5.0175
5.0191
5.0651
5.1015
5.1234
5.152
5.1678
5.1569
5.1103
5.0728
5.0654
5.0786
5.0732
5.0464
5.035
5.0296
5.0236
5.018
5.0102
5.0029
5.0062
5.0244
5.0311
5.0199
5.0179
5.0226
5.0303
5.0381
5.0458
5.0554
5.0647
5.0763
5.0897
5.1047
5.1207
5.1373
5.1468
5.1488
5.1524
5.1587
5.169
5.182
5.195
5.2093
5.2255
5.246
5.2714
5.2995
5.3353
5.3795
5.4188
5.4714
5.5491
5.6232
5.6815
5.7623
5.8567
5.9003
5.8842
5.8792
5.9179
5.9385
5.9747
6.0307
6.0508
6.0422
6.0266
6.0318
6.0432
6.0432
6.0378
6.0229
5.9773
5.9
5.8338
5.7866
5.7694
5.7656
5.6981
5.6284
5.6047
5.5794
5.5566
5.6279
5.7569
5.7565
5.648
5.5823
5.57
5.5549
5.5566
5.5683
5.5929
5.584
5.5321
5.5062
5.4957
5.4922
5.5124
5.5444
5.5456
5.516
5.4843
5.4759
5.4883
5.5247
5.6241
5.7285
5.8004
5.864
5.8775
5.8934
5.9006
5.9208
5.9753
6.0066
6.0219
5.9905
5.9375
5.8799
5.793
5.6949
5.6256
5.5811
5.5478
5.5253
5.5103
5.5016
5.4961
5.4919
5.4904
5.5053
5.5355
5.5765
5.6643
5.8045
5.9043
5.8752
5.8192
5.8729
5.9544
5.982
5.9499
5.8548
5.7383
5.7058
5.7904
5.8891
5.9506
5.9677
5.9441
5.9014
5.8593
5.8814
5.9257
5.9363
5.8974
5.8468
5.8788
5.9198
5.8941
5.8478
5.8591
5.9081
5.9234
5.9151
5.8998
5.8838
5.8692
5.8546
5.8392
5.821
5.7724
5.626
5.4806
5.4241
5.3652
5.2891
5.2239
5.1616
5.1022
5.0588
5.0251
4.9966
4.9717
4.9497
4.9282
4.9084
4.8907
4.876
4.8653
4.8533
4.841
4.8308
4.82
4.808
4.7949
4.7812
4.769
4.7564
4.7414
4.726
4.7134
4.7024
4.6904
4.6776
4.6677
4.6601
4.6547
4.6528
4.6517
4.6501
4.6467
4.6426
4.6391
4.6385
4.6397
4.6406
4.6397
4.6407
4.6446
4.6498
4.6563
4.6623
4.6681
4.6755
4.6826
4.6887
4.6944
4.7017
4.7111
4.7236
4.7406
4.7664
4.7994
4.8344
4.8431
4.828
4.8222
4.8306
4.866
4.9132
4.9511
4.98
4.992
4.9849
5.0072
5.0465
5.0396
5.0013
5.0013
5.0798
5.1562
5.1781
5.1559
5.1175
5.1347
5.1119
5.0333
5.0083
5.0129
5.0473
5.0791
5.0513
4.9917
4.9528
4.9423
4.9427
4.9411
4.9359
4.9341
4.9506
4.9733
4.9863
4.9986
5.0213
5.0656
5.1031
5.1333
5.154
5.1448
5.1556
5.2325
5.3362
5.4034
5.4553
5.5029
5.5212
5.5232
5.5234
5.5265
5.5387
5.5507
5.5649
5.5909
5.6032
5.5943
5.5776
5.572
5.5912
5.6276
5.653
5.6633
5.6652
5.6628
5.6662
5.6723
5.6738
5.6916
5.7161
5.6996
5.6775
5.7109
5.7529
5.7463
5.7177
5.6985
5.692
5.6951
5.693
5.6735
5.6215
5.5615
5.5063
5.4469
5.4668
5.5531
5.5688
5.5354
5.5698
5.6581
5.7224
5.7321
5.7265
5.7412
5.7579
5.7707
5.7897
5.8156
5.8237
5.8128
5.8047
5.8086
5.8357
5.8697
5.8381
5.769
5.7448
5.7608
5.795
5.8362
5.8621
5.8238
5.798
5.8179
5.7903
5.7901
5.8532
5.8903
5.9075
5.9249
5.9289
5.9208
5.9131
5.8984
5.8794
5.8689
5.832
5.6908
5.5543
5.523
5.5285
5.5337
5.5155
5.4816
5.4567
5.4608
5.4673
5.4738
5.4906
5.4835
5.4477
5.4205
5.4067
5.3973
5.4064
5.4144
5.4112
5.4104
5.4159
5.4235
5.4349
5.4544
5.4843
5.5221
5.5393
5.5355
5.5946
5.7854
5.9582
6.0149
6.0453
6.0685
6.0878
6.1021
6.1131
6.1332
6.1518
6.1561
6.1636
6.1797
6.1859
6.1826
6.1853
6.1931
6.184
6.1716
6.1872
6.2157
6.23
6.2384
6.2456
6.2492
6.2564
6.2611
6.2613
6.2576
6.2621
6.2737
6.2732
6.2668
6.2201
6.1118
6.0742
6.1393
6.1992
6.2421
6.2627
6.2465
6.2344
6.2396
6.2318
6.1989
6.162
6.1631
6.215
6.2554
6.2607
6.2568
6.2339
6.2102
6.2166
6.2368
6.2517
6.2325
6.2076
6.222
6.2475
6.2475
6.2159
6.2077
6.2367
6.2235
6.1382
6.1075
6.137
6.1409
6.0802
5.9764
5.9295
5.9593
6.0237
6.0392
6.0249
6.0512
6.0905
6.0952
6.0988
6.1644
6.2286
6.2422
6.2456
6.2336
6.2275
6.2385
6.1893
6.1165
6.1133
6.1501
6.1843
6.198
6.1746
6.1466
6.1702
6.2185
6.256
6.2444
6.1745
6.1252
6.1019
6.0274
5.9426
5.9152
5.9187
5.9544
5.9827
5.9405
5.8791
5.8546
5.8564
5.8676
5.8582
5.8419
5.8353
5.8312
5.8421
5.8604
5.8564
5.8805
5.9566
5.9967
6.0718
6.2356
6.3463
6.3799
6.3979
6.4097
6.4188
6.4314
6.4456
6.4568
6.462
6.4649
6.4664
6.4731
6.4794
6.4865
6.5013
6.5102
6.5106
6.5109
6.5132
6.5101
6.506
6.5026
6.4973
6.4943
6.4865
6.4811
6.481
6.4745
6.4632
6.4508
6.4446
6.4384
6.4253
6.4108
6.3864
6.3787
6.387
6.3806
6.3359
6.2308
6.0753
5.9304
5.8553
5.8238
5.8063
5.7938
5.7824
5.7728
5.767
5.7648
5.765
5.7679
5.776
5.7872
5.8032
5.8307
5.8969
5.9476
5.9636
6.0067
6.0387
6.0435
6.121
6.2596
6.323
6.3404
6.397
6.4464
6.4589
6.4661
6.4779
6.4882
6.4959
6.5026
6.5089
6.52
6.5262
6.5223
6.4823
6.4106
6.3749
6.4251
6.4851
6.5491
6.6131
6.611
6.6125
6.6329
6.6454
6.6501
6.6524
6.656
6.6588
6.6622
6.666
6.6676
6.6692
6.6727
6.6739
6.6739
6.6729
6.6736
6.6785
6.6858
6.6954
6.7065
6.717
6.7274
6.7391
6.7498
6.7587
6.7677
6.7758
6.7315
6.6759
6.7225
6.7735
6.7954
6.8276
6.8385
6.8453
6.8524
6.8593
6.8665
6.8726
6.877
6.8796
6.8793
6.8756
6.8721
6.8671
6.846
6.8358
6.8417
6.8403
6.8421
6.8466
6.8456
6.8415
6.8343
6.7671
6.6424
6.5489
6.5007
6.4669
6.413
6.3468
6.2962
6.2628
6.2426
6.2234
6.2105
6.204
6.1999
6.1971
6.1956
6.1961
6.2013
6.2127
6.2263
6.2509
6.2993
6.3381
6.3746
6.4878
6.6468
6.7467
6.7816
6.7571
6.656
6.5497
6.5016
6.5165
6.5428
6.5093
6.4733
6.483
6.5381
6.6662
6.8011
6.873
6.9032
6.9249
6.9418
6.9559
6.9641
6.9761
6.9932
6.9932
6.9812
6.9905
7.0164
7.0351
7.042
7.0228
7.0162
7.0444
7.0696
7.0355
6.9675
6.9305
6.9605
6.9526
6.8677
6.9139
7.0168
7.0535
7.0789
7.0926
7.1012
7.1066
7.1116
7.1157
7.1192
7.1198
7.1164
7.1086
7.1102
7.1143
7.1239
7.1463
7.1604
7.168
7.1741
7.1791
7.1839
7.1881
7.1911
7.1926
7.1896
7.1844
7.1812
7.1787
7.1772
7.178
7.1827
7.1872
7.1873
7.1865
7.1855
7.1842
7.1825
7.1807
7.1772
7.1725
7.1695
7.1674
7.1659
7.1664
7.1688
7.1718
7.1749
7.1768
7.1785
7.1803
7.1807
7.1782
7.1745
7.1705
7.1665
7.1636
7.1574
7.1494
7.1419
7.1353
7.1293
7.125
7.1232
7.1221
7.1191
7.1155
7.1118
7.1081
7.1039
7.1
7.0959
7.0938
7.0907
7.087
7.0831
7.0805
7.0795
7.0801
7.0813
7.0822
7.0799
7.0773
7.0707
7.0625
7.0375
6.9758
6.9536
6.8797
6.7289
6.6443
6.6059
6.6079
6.6754
6.7688
6.8028
6.7408
6.6645
6.6265
6.6033
6.5908
6.5879
6.5998
6.6418
6.7112
6.7807
6.812
6.8607
6.9558
7.0223
7.0491
7.0423
7.0363
7.0497
7.0574
7.062
7.0619
7.0598
7.0577
7.0553
7.0514
7.0496
7.0496
7.0513
7.0529
7.0528
7.0525
7.0533
7.0553
7.0574
7.0595
7.0623
7.0659
7.0694
7.0728
7.0762
7.0787
7.0807
7.0825
7.0844
7.0848
7.0847
7.0839
7.0826
7.0805
7.0775
7.0739
7.0712
7.0665
7.0605
7.0554
7.0503
7.0446
7.0431
7.0438
7.0464
7.0508
7.0545
7.0584
7.0622
7.0655
7.0694
7.0726
7.076
7.0759
7.0733
7.0712
7.0686
7.0641
7.0591
7.0544
7.0504
7.0438
7.0348
7.0259
7.0166
7.0066
6.9834
6.9502
6.8331
6.6643
6.5675
6.5278
6.5143
6.5394
6.5825
6.5958
6.603
6.6149
6.7
6.8173
6.8537
6.8556
6.8497
6.8393
6.8303
6.8226
6.8148
6.8089
6.803
6.7964
6.7895
6.7824
6.7609
6.7056
6.6597
6.6298
6.5891
6.513
6.4313
6.4321
6.4767
6.5093
6.5832
6.6538
6.6661
6.6601
6.6399
6.6256
6.6317
6.633
6.6285
6.6195
6.6085
6.5818
6.4785
6.4096
6.407
6.3545
6.3265
6.2922
6.1912
6.1037
6.0534
6.0186
5.9818
5.9369
5.8946
5.8544
5.823
5.8006
5.7892
5.7932
5.8069
5.8335
5.859
5.8379
5.7925
